"관광타입","음식점"
"음식점명","상하이"
"개요","편안하게 즐길수 있는  중화요리집입니다. LG전자서비스, 제주영양, 옴시롱감시롱식당이 인접해 있습니다."
"주소","제주 서귀포시 동홍남로 22"
"주소(도로명)","제주특별자치도 서귀포시 동홍남로 22"
"주소(지번주소)","제주특별자치도 서귀포시 동홍동 113-2"
"대표번호","064-762-0883"
"영업시간","11:00 - 20:00"
"휴무일","매주 월요일"
"취급메뉴","짜장면, 짬뽕"
"주차시설 유무","없음"
"리뷰키워드","없음"