"관광타입","음식점"
"음식점명","짱구분식 "
"개요","제주의 원조 짱구분식입니다. 내방객의 90프로가 제주도민일 정도로 도민들 많이 찾아주시는 맛집입니다. 1985년 제주시청에서 시작, 현재 신제주 연동에서 영업중입니다. 2020년 중소벤처기업부 백년가게 선정입니다. 앞으로도 언제나 여러분들께 이웃과 같이 가까운 존재로 최선을 다할 것을 약속드립니다. 화월랑, CU가 인접해 있습니다."
"주소","제주 제주시 연동8길 28 청목더웰상가 9호"
"주소(도로명)","제주특별자치도 제주시 연동8길 28"
"주소(지번주소)","제주특별자치도 제주시 연동 276-3"
"대표번호","064-753-4767"
"영업시간","09:00~21:00"
"휴무일","매주 일요일"
"취급메뉴","떡볶이, 왕돈까스"
"주차시설 유무","있음"
"리뷰키워드","음식이 맛있어요, 가성비가 좋아요, 친절해요, 혼밥하기 좋아요, 양이 많아요"