"관광타입","음식점"
"음식점명","써니왕갈비탕"
"개요","서림칡냉면, 머스크가 인접해 있습니다."
"주소","제주 제주시 진남로8길 17-1"
"주소(도로명)","제주특별자치도 제주시 진남로8길 17-1"
"주소(지번주소)","제주특별자치도 제주시 화북일동 1973-25"
"대표번호","064-752-8882"
"영업시간","09:00~21:00"
"휴무일","매주 수요일"
"취급메뉴","왕갈비탕, 순대국밥"
"주차시설 유무","없음"
"리뷰키워드","없음"