"관광타입","음식점"
"음식점명","그집글라"
"개요","가격 인상 안내입니다. 최근 급격한 물가 상승으로 운영에 어려움을 겪고 있어 손님들께 죄송하지만, 부득이 가격을 인상하게 되었음을 알려드립니다. 갈치조림 2000원, 그 외 메뉴 1000원씩 인상되었음을 알려드리며 많은 양해 부탁드립니다. 감사합니다. 찾아주시는 모든분들께 정성을 다하여 모시겠습니다. 감사합니다. GS25, 메로왕이 인접해 있습니다."
"주소","제주 제주시 서광로4길 5"
"주소(도로명)","제주특별자치도 제주시 서광로4길 5"
"주소(지번주소)","제주특별자치도 제주시 오라일동 2443-1"
"대표번호","064-753-7370"
"영업시간","09:00~21:00"
"휴무일","매주 일요일"
"취급메뉴","갈치조림, 고등어조림"
"주차시설 유무","없음"
"리뷰키워드","음식이 맛있어요, 가성비가 좋아요, 친절해요, 혼밥하기 좋아요, 양이 많아요"