"동동차이나 남원점","인접","오마이헤어, 나들가게평화슈퍼"
"동동차이나 남원점","주소","제주 서귀포시 남원읍 태위로689번길 7"
"동동차이나 남원점","연락처","064-764-6659"
"동동차이나 남원점","영업시간","알수없음"
"동동차이나 남원점","휴무일","알수없음"
"동동차이나 남원점","메뉴","짜장면, 짬뽕"
"동동차이나 남원점","주차시설","없음"