"성산 요리하는 키작은삼촌","인접","성산중학교, 고성리농촌체험휴양마을"
"성산 요리하는 키작은삼촌","주소","제주 서귀포시 성산읍 일주동로 4304 1층"
"성산 요리하는 키작은삼촌","연락처","0507-1421-3503"
"성산 요리하는 키작은삼촌","영업시간","10:30-15:00/20:30"
"성산 요리하는 키작은삼촌","휴무일","매주 일요일"
"성산 요리하는 키작은삼촌","메뉴","전복영양해초돌솥밥, 전복내장미역국"
"성산 요리하는 키작은삼촌","주차시설","있음"