"명진전복","인접","갈치공장, 종가전복"
"명진전복","주소","제주 제주시 구좌읍 해맞이해안로 1282"
"명진전복","연락처","064-782-9944"
"명진전복","영업시간","09:30 - 21:30"
"명진전복","휴무일","매주 화요일"
"명진전복","메뉴","전복죽, 전복돌솥밥"
"명진전복","주차시설","있음"