"장미반점","인접","아라동주민센터, 문경회센터"
"장미반점","주소","제주 제주시 인다7길 6 1층"
"장미반점","연락처","0507-1445-2522"
"장미반점","영업시간","11:00 - 21:00"
"장미반점","휴무일","매주 일요일"
"장미반점","메뉴","유린기, 짬뽕"
"장미반점","주차시설","있음"