"프랭크버거 제주 삼화점","인접","삼화초등학교, 설빙"
"프랭크버거 제주 삼화점","주소","제주 제주시 화삼북로2길 19 102호"
"프랭크버거 제주 삼화점","연락처","064-722-2033"
"프랭크버거 제주 삼화점","영업시간","10:30~23:30"
"프랭크버거 제주 삼화점","휴무일","알수없음"
"프랭크버거 제주 삼화점","메뉴","프랭크버거, 쉬림프버거"
"프랭크버거 제주 삼화점","주차시설","있음"